1.902589948768735884e-01 1.671540837879407215e+00 7.944715545419804847e-01 6.452264523772299754e-01
1.159588650921857145e+00 1.105006207630950144e+00 2.753354972081363261e-01 3.713850832925509327e-01
5.492579751307697933e-01 1.286238198695343060e+00 1.091057525132019146e+00 2.381612555039946955e-01
2.506514931516545808e-01 1.237807942688930574e+00 3.899603723307054626e-01 1.075722962533917970e+00
5.303909985087020829e-01 2.681312828640372015e-01 1.954927119604971342e+00 7.500342139758731097e-01
1.173204479763524599e+00 8.948983858649812717e-01 1.573268601171053493e+00 1.174306061328322270e+00
1.392556605580866025e+00 3.172626424441649107e-01 9.996174225363607668e-02 1.559706734560640795e+00
1.338407267414380541e+00 6.768620932293216708e-01 1.268984050555338694e+00 2.509614531773971535e-01
5.103183670739295241e-01 1.451921103641744759e+00 7.121170871046611506e-01 5.950811491269560882e-01
5.250140974811356998e-01 1.490082592522695704e+00 4.552940856747182963e-01 1.960201623425354978e+00
3.931576499296554061e-01 5.217199543679071905e-01 1.904321035029488796e+00 4.248457618367673660e-02
1.901380936811256195e+00 1.680596862976526662e-01 1.856230793679971569e+00 1.019485334445878078e+00
