441.408921489
126.210872498
81.3917615174
64.4119810292
53.2437762017
44.7718370972
37.2344001028
32.614237236
27.8574870539
25.6236176644
23.5999306492
21.7368047581
20.1789304562
18.7419376436
16.0932693153
15.2714614528
14.0183079062
12.9470320458
12.0085767834
11.3447456062
10.4551840522
9.94827101213
9.48412318778
9.04817767354
8.47411034437
7.80806507918
7.50987199745
7.05579987469
6.43455542718
6.3225566958
5.99397772209
5.7525281196
5.52106099968
5.19941519732
5.11167349225
4.96604998375
4.77337997138
4.49333927452
4.42587011543
4.31126354847
4.10557734759
4.00792132794
3.76026498167
3.6556806483
3.57307463475
3.50092719326
3.4558791601
3.28103037079
3.16883726901
3.135629267
3.05058699391
2.98850134642
2.87946983247
2.84676020277
2.81039526592
2.74737409136
2.67458219466
2.63780517763
2.54376936271
2.48236255955
2.42760043699
2.30028719323
2.20148182517
2.18851517507
